GENERATED
1001
1110
1001
1000
1100
1011
1100
1011
1010
1100
0001
1010
0110
0101
0011
1100
0011
1010
1100
0101
0101
1001
1110
0101
1001
0010
1000
1010
0110
0101
0101
0011
1000
0110
0011
1100
0011
1010
1010
0100
0101
1101
0011
1100
1101
0001
1110
1001
1100
0111
0101
0011
1100
0101
0101
0001
1010
0110
0011
1100
0101
1001
0110
0101
0101
0011
1010
1010
1110
0101
0101
0001
1100
0011
0010
1100
1001
1010
1000
0110
0011
0110
0011
1100
1001
0110
0101
1101
0011
1100
1011
1010
1010
0110
0111
1011
0110
0011
1010
0110
